      MDL_CABI = 2.277360D-01
      MDL_LC = 1.000000D+03
      MDL_MPI = 1.000000D+03
      MDL_FPI53 = 1.000000D+03
      MDL_FPI13 = 0.000000D+00
      MDL_FPID23 = 0.000000D+00
      MDL_FPIU23 = 0.000000D+00
      MDL_CABI2 = 2.277360D-01
      MDL_MT = 1.720000D+02
      MDL_MM = 1.056600D-01
      MDL_MTA = 1.777000D+00
      MDL_MZ = 9.118760D+01
      MDL_MH = 1.200000D+02
      AEWM1 = 1.279000D+02
      MDL_GF = 1.166370D-05
      AS = 1.184000D-01
      MDL_YMT = 1.720000D+02
      MDL_YMTAU = 1.777000D+00
      MDL_WT = 1.508336D+00
      MDL_WZ = 2.495200D+00
      MDL_WW = 2.085000D+00
      MDL_WH = 5.753088D-03
      MDL_WPI53UNO = 3.000000D+01
      MDL_WPI13UNO = 3.000000D+01
      MDL_WPIU23UNO = 3.000000D+01
      MDL_WPID23UNO = 3.000000D+01
      MDL_WPI53DUE = 1.989437D+01
      MDL_WPI13DUE = 3.000000D+01
      MDL_WPIU23DUE = 3.000000D+01
      MDL_WPID23DUE = 3.000000D+01
      MDL_WPI53TRE = 3.000000D+01
      MDL_WPI13TRE = 3.000000D+01
      MDL_WPIU23TRE = 3.000000D+01
      MDL_WPID23TRE = 3.000000D+01
